1714884430067 0.06687243282794952 0
1714884618037 0.38589808344841003 1
1714884805124 0.49861037731170654 2
1714884992162 0.5069712400436401 3
1714885178764 0.5519688129425049 4
1714885409075 0.6905151009559631 5
1714885634769 0.5305616855621338 6
1714885844309 0.5987326502799988 7
1714886067181 0.5509751439094543 8
1714886283754 0.6208255887031555 9
1714886502227 0.6169573068618774 10
1714886725023 0.670960009098053 11
1714886943351 0.4906003177165985 12
1714887164562 0.6774133443832397 13
1714887383780 0.571174144744873 14
1714887586739 0.6207825541496277 15
1714887790212 0.5915703177452087 16
1714887993155 0.6130476593971252 17
1714888195070 0.6326058506965637 18
1714888398548 0.6809641718864441 19
1714888601746 0.5765784978866577 20
1714888801246 0.6250936985015869 21
1714888988695 0.5019896030426025 22
1714889185212 0.6381735801696777 23
1714889374610 0.46351155638694763 24
1714889548677 0.5502855777740479 25
1714889722899 0.5121586918830872 26
1714889897566 0.5790978670120239 27
1714890128553 0.633605420589447 28
1714890317146 0.6979297995567322 29
1714890535294 0.6834846138954163 30
1714890759060 0.5752001404762268 31
1714890989170 0.6304314136505127 32
1714891215184 0.6494441628456116 33
1714891420949 0.7141290307044983 34
1714891606736 0.6090517640113831 35
1714891793269 0.6184321045875549 36
1714891978259 0.6229390501976013 37
1714892163635 0.4538138508796692 38
1714892355876 0.6658853888511658 39
1714892551787 0.5677093267440796 40
1714892727507 0.5387474298477173 41
1714892902466 0.524817943572998 42
1714893076771 0.5355936288833618 43
1714893251709 0.5780556797981262 44
1714893426333 0.5533110499382019 45
1714893601292 0.5985410809516907 46
1714893775431 0.5811072587966919 47
1714893949503 0.5361049771308899 48
1714894123973 0.5733655095100403 49
