1714884430073 3.800640821456909 0
1714884618041 2.108928918838501 1
1714884805129 1.177785038948059 2
1714884992168 1.0642002820968628 3
1714885178770 1.1407886743545532 4
1714885409080 1.0110682249069214 5
1714885634774 1.129278540611267 6
1714885844315 0.856104850769043 7
1714886067187 0.9670354127883911 8
1714886283759 1.0048315525054932 9
1714886502234 1.1830846071243286 10
1714886725032 0.9771214723587036 11
1714886943356 1.1064378023147583 12
1714887164568 0.8546239137649536 13
1714887383785 1.0846054553985596 14
1714887586745 1.1979669332504272 15
1714887790218 0.8977317810058594 16
1714887993160 0.9326959252357483 17
1714888195075 0.9108695387840271 18
1714888398561 0.9570764899253845 19
1714888601749 1.1311460733413696 20
1714888801251 0.9438211917877197 21
1714888988700 1.1254299879074097 22
1714889185217 0.9845384955406189 23
1714889374615 1.1835001707077026 24
1714889548682 1.0899313688278198 25
1714889722904 1.0900558233261108 26
1714889897571 1.0070068836212158 27
1714890128559 1.0595179796218872 28
1714890317151 1.1681444644927979 29
1714890535299 0.933212399482727 30
1714890759067 1.002239465713501 31
1714890989177 1.1435905694961548 32
1714891215192 0.9375622272491455 33
1714891420954 0.8074973225593567 34
1714891606741 0.9531579613685608 35
1714891793274 1.0478670597076416 36
1714891978264 0.935408890247345 37
1714892163639 1.0325291156768799 38
1714892355881 0.8461205959320068 39
1714892551792 1.1228764057159424 40
1714892727514 1.1023404598236084 41
1714892902471 1.1250066757202148 42
1714893076775 0.9975022673606873 43
1714893251713 0.9391957521438599 44
1714893426338 1.0371190309524536 45
1714893601296 1.092589020729065 46
1714893775435 0.9168325066566467 47
1714893949508 1.1128196716308594 48
1714894123978 1.005660891532898 49
