1714783159044 0.08054135739803314 0
1714783340414 0.31929051876068115 1
1714783517561 0.4976917505264282 2
1714783724876 0.5210186243057251 3
1714783926327 0.5568259954452515 4
1714784113201 0.45208317041397095 5
1714784291477 0.517930269241333 6
1714784476612 0.5203943848609924 7
1714784652529 0.5458507537841797 8
1714784833335 0.6430538892745972 9
1714785018298 0.49317649006843567 10
1714785204248 0.5998752117156982 11
1714785379682 0.49477851390838623 12
1714785553412 0.5421502590179443 13
1714785745552 0.5017040967941284 14
1714785969264 0.4823344945907593 15
1714786187054 0.5093814134597778 16
1714786404422 0.5304023027420044 17
