1714783159049 3.751863479614258 0
1714783340417 1.828658103942871 1
1714783517564 1.576059103012085 2
1714783724880 1.311100721359253 3
1714783926331 1.0975350141525269 4
1714784113204 1.275050163269043 5
1714784291482 1.3571422100067139 6
1714784476615 1.1862972974777222 7
1714784652533 1.1875277757644653 8
1714784833339 0.9994338750839233 9
1714785018302 1.0606484413146973 10
1714785204251 1.075817346572876 11
1714785379685 1.1460272073745728 12
1714785553415 0.9755489826202393 13
1714785745555 1.0851384401321411 14
1714785969268 1.1231791973114014 15
1714786187059 1.257908582687378 16
1714786404425 1.0447158813476562 17
