1714811783920 0.22911587357521057 0
1714811986766 0.3513268828392029 1
1714812178229 0.5078231692314148 2
1714812364275 0.5496691465377808 3
1714812548327 0.555489182472229 4
1714812733914 0.48145195841789246 5
1714812920867 0.7063981294631958 6
1714813105114 0.5576133728027344 7
1714813289410 0.5410807132720947 8
1714813473331 0.5092795491218567 9
1714813656942 0.6111644506454468 10
1714813840910 0.4700690805912018 11
1714814029052 0.5447642803192139 12
1714814220453 0.5767601728439331 13
1714814408969 0.6457955241203308 14
1714814602484 0.5598721504211426 15
1714814825987 0.5381569862365723 16
1714815043283 0.5746340751647949 17
1714815269226 0.6197152137756348 18
1714815491238 0.6408008933067322 19
1714815716136 0.682085394859314 20
1714815933052 0.6481719017028809 21
1714816123297 0.6282435655593872 22
1714816311099 0.5084998607635498 23
1714816503299 0.552161455154419 24
1714816706805 0.5066449642181396 25
1714816932451 0.542790412902832 26
1714817152738 0.5126001238822937 27
1714817383957 0.6677337884902954 28
1714817601207 0.5872616171836853 29
1714817798354 0.5322913527488708 30
1714817995807 0.5490179657936096 31
1714818193139 0.6028327941894531 32
1714818391332 0.5676615238189697 33
1714818592061 0.7068783044815063 34
1714818789897 0.6291589140892029 35
1714818987899 0.5511734485626221 36
1714819174411 0.605972945690155 37
1714819348274 0.6145178079605103 38
1714819521323 0.6226832866668701 39
1714819694395 0.6945741176605225 40
1714819868060 0.6010361909866333 41
1714820059269 0.6301054358482361 42
1714820259974 0.5366342067718506 43
1714820449318 0.5067410469055176 44
1714820627472 0.6880807280540466 45
1714820802441 0.5856410264968872 46
1714820981285 0.5459640026092529 47
1714821158478 0.6254267692565918 48
1714821333951 0.6114382147789001 49
