1714811783934 2.829707145690918 0
1714811986772 1.7377934455871582 1
1714812178233 1.4965993165969849 2
1714812364281 1.1993074417114258 3
1714812548332 1.2294882535934448 4
1714812733918 0.9956842660903931 5
1714812920871 1.1410772800445557 6
1714813105119 1.1251355409622192 7
1714813289414 0.9659907817840576 8
1714813473335 1.032172441482544 9
1714813656946 0.9840030670166016 10
1714813840916 1.0110357999801636 11
1714814029056 1.1600030660629272 12
1714814220457 1.1753910779953003 13
1714814408972 1.105407476425171 14
1714814602489 1.1781504154205322 15
1714814825991 1.0013964176177979 16
1714815043290 1.045973777770996 17
1714815269230 0.9292204976081848 18
1714815491244 1.0181673765182495 19
1714815716141 1.1228171586990356 20
1714815933058 1.1839691400527954 21
1714816123302 1.0429627895355225 22
1714816311104 1.095640778541565 23
1714816503305 0.9592991471290588 24
1714816706810 1.157871961593628 25
1714816932455 1.0399198532104492 26
1714817152743 1.144141674041748 27
1714817383961 1.147221326828003 28
1714817601212 1.0356202125549316 29
1714817798358 0.925898551940918 30
1714817995812 0.9865437746047974 31
1714818193143 1.025708556175232 32
1714818391337 1.0862419605255127 33
1714818592066 1.0200626850128174 34
1714818789904 0.9595295786857605 35
1714818987903 1.0220391750335693 36
1714819174415 1.2031534910202026 37
1714819348279 0.9766536951065063 38
1714819521327 1.0301944017410278 39
1714819694399 0.8317894339561462 40
1714819868065 0.8567531704902649 41
1714820059274 1.1084861755371094 42
1714820259979 1.0293800830841064 43
1714820449322 0.8459568023681641 44
1714820627476 0.909347653388977 45
1714820802446 1.0130259990692139 46
1714820981290 0.9122605323791504 47
1714821158482 1.1046168804168701 48
1714821333955 0.9507667422294617 49
