1714846303047 0.09933330863714218 0
1714846506502 0.2690623700618744 1
1714846712367 0.3580772280693054 2
1714846928152 0.6284915804862976 3
1714847137433 0.4674248695373535 4
1714847347388 0.5333855748176575 5
1714847558254 0.45384180545806885 6
1714847770680 0.6150761246681213 7
1714847980871 0.47701844573020935 8
1714848193385 0.49719345569610596 9
1714848404520 0.4860403537750244 10
1714848617906 0.39587128162384033 11
1714848830553 0.49132800102233887 12
1714849051531 0.49656563997268677 13
1714849260851 0.45090943574905396 14
1714849444627 0.4563743770122528 15
1714849624788 0.504467785358429 16
1714849803559 0.38813266158103943 17
1714849983616 0.4637295603752136 18
1714850160708 0.4349551200866699 19
1714850361961 0.38034212589263916 20
1714850573549 0.6093624234199524 21
1714850790472 0.5808195471763611 22
1714851005338 0.38129371404647827 23
1714851220896 0.44346269965171814 24
1714851436211 0.4420410692691803 25
1714851651941 0.47661590576171875 26
1714851868740 0.4389225244522095 27
1714852083032 0.44325584173202515 28
1714852286915 0.44515398144721985 29
1714852476965 0.46251675486564636 30
1714852667519 0.4916580319404602 31
