1714846303059 3.2529053688049316 0
1714846506505 2.622086524963379 1
1714846712370 1.3955575227737427 2
1714846928157 1.1334575414657593 3
1714847137436 1.4977630376815796 4
1714847347393 1.0506455898284912 5
1714847558259 1.114464521408081 6
1714847770684 1.2874958515167236 7
1714847980876 0.9810241460800171 8
1714848193389 1.1761585474014282 9
1714848404523 1.2700514793395996 10
1714848617911 1.231055498123169 11
1714848830557 1.3220837116241455 12
1714849051534 1.2206676006317139 13
1714849260855 1.260166883468628 14
1714849444632 1.5016496181488037 15
1714849624793 1.223029613494873 16
1714849803564 1.349593162536621 17
1714849983620 1.4391846656799316 18
1714850160720 1.3959476947784424 19
1714850361967 1.6966383457183838 20
1714850573553 1.4619550704956055 21
1714850790476 1.5419549942016602 22
1714851005342 1.3838484287261963 23
1714851220901 1.3082362413406372 24
1714851436215 1.5405830144882202 25
1714851651944 1.5388373136520386 26
1714851868743 1.278923749923706 27
1714852083036 1.3414437770843506 28
1714852286919 1.4083127975463867 29
1714852476968 1.223172664642334 30
1714852667523 1.335455298423767 31
