1714762789015 0.1279555857181549 0
1714762984984 0.10985200852155685 1
1714763181042 0.369845449924469 2
1714763376979 0.4621237814426422 3
1714763572490 0.40673762559890747 4
1714763767864 0.40617746114730835 5
1714763964528 0.4377637207508087 6
1714764161914 0.560784637928009 7
1714764358523 0.5096960663795471 8
1714764555317 0.505382776260376 9
1714764752415 0.5403825640678406 10
1714764948166 0.5095264315605164 11
1714765143872 0.5821494460105896 12
1714765338450 0.6169232726097107 13
1714765532456 0.42857787013053894 14
1714765726768 0.5365344882011414 15
1714765922657 0.564188539981842 16
1714766119335 0.5860137939453125 17
1714766315268 0.5676742792129517 18
1714766510587 0.41296932101249695 19
1714766705757 0.551156759262085 20
1714766901492 0.5872142314910889 21
1714767096639 0.6630423069000244 22
1714767291892 0.5257774591445923 23
1714767487071 0.6538377404212952 24
1714767682048 0.6816931962966919 25
1714767878278 0.541522204875946 26
1714768073990 0.6330177187919617 27
1714768270018 0.5792611837387085 28
1714768466534 0.49397873878479004 29
1714768663291 0.634802520275116 30
1714768859068 0.5739538073539734 31
1714769054478 0.6242261528968811 32
1714769249877 0.5449978709220886 33
1714769444793 0.4415121376514435 34
1714769641381 0.6152806878089905 35
1714769837343 0.48343703150749207 36
1714770033025 0.5539206862449646 37
1714770228704 0.6550449132919312 38
1714770424870 0.5809218287467957 39
1714770621315 0.5581991672515869 40
1714770816824 0.6231908202171326 41
1714771013008 0.5812370777130127 42
1714771209958 0.5908459424972534 43
1714771407079 0.6796882748603821 44
1714771603711 0.4975449740886688 45
1714771800972 0.5745617151260376 46
1714771999539 0.4200890362262726 47
1714772195838 0.5033605694770813 48
1714772393127 0.5737131834030151 49
