1714762789027 7.423386573791504 0
1714762984988 3.0618205070495605 1
1714763181046 2.6861517429351807 2
1714763376983 1.5454246997833252 3
1714763572493 1.1803181171417236 4
1714763767867 1.58970308303833 5
1714763964533 1.0349408388137817 6
1714764161917 1.1991310119628906 7
1714764358526 1.295680284500122 8
1714764555321 1.2427531480789185 9
1714764752418 0.9952377080917358 10
1714764948170 1.0201929807662964 11
1714765143876 0.9715878963470459 12
1714765338454 0.9834558963775635 13
1714765532459 1.1640266180038452 14
1714765726771 1.1030237674713135 15
1714765922661 1.1104716062545776 16
1714766119339 1.1665265560150146 17
1714766315273 1.0833210945129395 18
1714766510599 1.0130764245986938 19
1714766705760 1.1923792362213135 20
1714766901496 1.1789470911026 21
1714767096643 1.2409226894378662 22
1714767291896 1.4778449535369873 23
1714767487075 0.9857339262962341 24
1714767682053 1.1850016117095947 25
1714767878284 1.0318554639816284 26
1714768073994 1.1410071849822998 27
1714768270022 0.9554846286773682 28
1714768466539 1.222407579421997 29
1714768663295 0.9450430274009705 30
1714768859073 1.101110577583313 31
1714769054482 1.213853120803833 32
1714769249880 0.9179896712303162 33
1714769444797 1.083245873451233 34
1714769641385 0.9711837768554688 35
1714769837347 0.9480557441711426 36
1714770033029 1.2300539016723633 37
1714770228708 1.1242815256118774 38
1714770424874 1.0916646718978882 39
1714770621319 1.2677351236343384 40
1714770816828 1.2640423774719238 41
1714771013012 1.1952519416809082 42
1714771209962 1.0332832336425781 43
1714771407083 1.110900640487671 44
1714771603714 1.2931429147720337 45
1714771800976 1.0490374565124512 46
1714771999543 1.15874183177948 47
1714772195842 1.2365790605545044 48
1714772393132 1.1096056699752808 49
