1714793621508 0.030854269862174988 0
1714793802116 0.2183685600757599 1
1714793977556 0.4529433250427246 2
1714794157408 0.4933352470397949 3
1714794336351 0.5109593868255615 4
1714794511838 0.43078213930130005 5
1714794688594 0.4900941252708435 6
1714794865209 0.5252279043197632 7
1714795041034 0.6486098766326904 8
1714795216463 0.45093753933906555 9
1714795392478 0.5049501061439514 10
1714795568884 0.5051480531692505 11
1714795745404 0.4656922221183777 12
1714795920530 0.3979184031486511 13
1714796096409 0.5275793671607971 14
1714796271967 0.41489511728286743 15
1714796447708 0.6304008960723877 16
1714796623630 0.45518219470977783 17
1714796799445 0.508336067199707 18
1714796974502 0.5564918518066406 19
1714797150276 0.4497436285018921 20
1714797326189 0.4404894709587097 21
1714797501875 0.42534589767456055 22
1714797677450 0.6118752956390381 23
1714797853289 0.4281194806098938 24
1714798029381 0.568790078163147 25
1714798205731 0.5466729402542114 26
1714798381751 0.3905951976776123 27
1714798556786 0.5986889600753784 28
1714798732570 0.4359588325023651 29
1714798907394 0.46638649702072144 30
1714799083439 0.48759937286376953 31
1714799259860 0.4271836280822754 32
1714799435470 0.5642688870429993 33
1714799610792 0.4001676142215729 34
1714799786800 0.5007257461547852 35
1714799962822 0.4309014081954956 36
1714800138193 0.4245598316192627 37
1714800313703 0.5209207534790039 38
1714800488499 0.47840556502342224 39
1714800663133 0.5440627336502075 40
1714800839754 0.37644362449645996 41
1714801015509 0.5405815839767456 42
1714801191574 0.3854416310787201 43
1714801367352 0.37445464730262756 44
1714801542473 0.5039848685264587 45
1714801718662 0.5206912159919739 46
1714801894540 0.42746108770370483 47
1714802071069 0.5635424852371216 48
1714802246487 0.4551016688346863 49
