1714793621513 4.315367221832275 0
1714793802119 2.519921064376831 1
1714793977559 1.1494507789611816 2
1714794157411 1.6657569408416748 3
1714794336355 1.379486083984375 4
1714794511841 1.354386806488037 5
1714794688597 1.6156322956085205 6
1714794865213 1.214498519897461 7
1714795041038 1.2486865520477295 8
1714795216467 1.3378634452819824 9
1714795392481 1.345900297164917 10
1714795568888 1.3470327854156494 11
1714795745408 1.204793095588684 12
1714795920534 1.3205981254577637 13
1714796096412 1.4058165550231934 14
1714796271970 1.2989842891693115 15
1714796447712 1.304645299911499 16
1714796623633 1.1929774284362793 17
1714796799448 1.4376773834228516 18
1714796974507 1.2368433475494385 19
1714797150281 1.1836028099060059 20
1714797326193 1.0921146869659424 21
1714797501878 1.3765041828155518 22
1714797677454 1.223935842514038 23
1714797853293 1.3076850175857544 24
1714798029384 1.1531848907470703 25
1714798205735 1.0199124813079834 26
1714798381755 1.177941918373108 27
1714798556790 1.2740650177001953 28
1714798732573 1.4157607555389404 29
1714798907398 1.163682222366333 30
1714799083443 1.2377212047576904 31
1714799259864 1.2200076580047607 32
1714799435474 1.2353053092956543 33
1714799610796 1.4588334560394287 34
1714799786803 1.2816612720489502 35
1714799962826 1.2121171951293945 36
1714800138196 1.385859727859497 37
1714800313707 1.250636339187622 38
1714800488503 1.426770806312561 39
1714800663136 1.2563683986663818 40
1714800839757 1.5613248348236084 41
1714801015512 1.3191001415252686 42
1714801191578 1.1759939193725586 43
1714801367355 1.2104448080062866 44
1714801542476 1.3604960441589355 45
1714801718666 1.3804528713226318 46
1714801894545 1.2954998016357422 47
1714802071073 1.4830679893493652 48
1714802246490 1.526127576828003 49
