1714828774285 0.1545073240995407 0
1714828997765 0.25919657945632935 1
1714829217280 0.459412157535553 2
1714829436947 0.6195106506347656 3
1714829652638 0.5306028127670288 4
1714829854299 0.6116593480110168 5
1714830043542 0.4367191791534424 6
1714830235898 0.6248741149902344 7
1714830438845 0.5765513181686401 8
1714830654083 0.4715934097766876 9
1714830856516 0.5074481964111328 10
1714831057733 0.4226917028427124 11
1714831247155 0.5414888858795166 12
1714831445330 0.6139695644378662 13
1714831632533 0.6342464089393616 14
1714831817941 0.6496660113334656 15
1714832037348 0.5730061531066895 16
1714832455228 0.48843681812286377 17
1714832640481 0.5288419723510742 18
1714832823198 0.6521444916725159 19
1714833011825 0.4927290380001068 20
1714833197696 0.5992118120193481 21
1714833397921 0.562113881111145 22
1714833580522 0.5835278034210205 23
1714833758381 0.5680718421936035 24
1714833935764 0.5270642638206482 25
1714834114055 0.5442066192626953 26
1714834292172 0.463483065366745 27
1714834472180 0.5525403022766113 28
1714834675305 0.5913301706314087 29
1714834856260 0.669745683670044 30
1714835034413 0.5978225469589233 31
1714835229752 0.5231146812438965 32
1714835412695 0.4873650074005127 33
1714835591130 0.6812931299209595 34
1714835769090 0.5929268598556519 35
1714835947667 0.6045247316360474 36
1714836161783 0.5885772705078125 37
1714836380648 0.5467360019683838 38
1714836600261 0.5771502256393433 39
1714836821084 0.6565076112747192 40
1714837041738 0.4406678378582001 41
1714837263556 0.4466061592102051 42
1714837497139 0.49864232540130615 43
1714837747037 0.5430253744125366 44
1714837968770 0.45921090245246887 45
1714838187913 0.5049925446510315 46
1714838393012 0.5866464376449585 47
1714838614476 0.5298699140548706 48
1714838832127 0.613192617893219 49
