1714828774297 5.952182769775391 0
1714828997769 1.9473403692245483 1
1714829217284 1.2755964994430542 2
1714829436952 1.1885156631469727 3
1714829652642 1.1754391193389893 4
1714829854304 1.1753554344177246 5
1714830043545 1.2218141555786133 6
1714830235901 1.1165409088134766 7
1714830438850 1.2038991451263428 8
1714830654087 1.1855149269104004 9
1714830856520 1.0613560676574707 10
1714831057737 1.1425340175628662 11
1714831247159 1.2022442817687988 12
1714831445334 1.0937389135360718 13
1714831632536 1.0921227931976318 14
1714831817946 1.0343632698059082 15
1714832037353 1.1338310241699219 16
1714832455232 0.9728473424911499 17
1714832640485 0.9993162751197815 18
1714832823210 1.0230910778045654 19
1714833011828 0.9688926935195923 20
1714833197700 0.9603232145309448 21
1714833397926 1.0398492813110352 22
1714833580525 0.9289916157722473 23
1714833758385 1.0968139171600342 24
1714833935767 1.3135021924972534 25
1714834114059 1.099031686782837 26
1714834292176 1.277341604232788 27
1714834472184 1.0108742713928223 28
1714834675308 0.93559730052948 29
1714834856263 1.1056711673736572 30
1714835034417 0.9183033108711243 31
1714835229756 1.07987642288208 32
1714835412698 1.1790955066680908 33
1714835591134 1.1350476741790771 34
1714835769093 1.0260919332504272 35
1714835947670 0.962674081325531 36
1714836161789 1.1146838665008545 37
1714836380653 0.9156896471977234 38
1714836600266 1.0932164192199707 39
1714836821089 1.1373395919799805 40
1714837041742 0.9593503475189209 41
1714837263560 1.034769058227539 42
1714837497145 1.0909755229949951 43
1714837747041 1.1629902124404907 44
1714837968775 1.136055588722229 45
1714838187917 1.0807180404663086 46
1714838393016 1.1288516521453857 47
1714838614480 1.1537740230560303 48
1714838832131 0.9464038610458374 49
